34.3
34.06666666666667
28.8
9.433333333333334
9.2
30.866666666666667
8.966666666666667
8.933333333333334
9.066666666666666
31.3
25.533333333333335
18.4
9.433333333333334
9.366666666666667
8.933333333333334
9.5
9.4
9.3
9.3
9.066666666666666
9.233333333333333
9.133333333333333
9.066666666666666
9.0
11.6
9.0
33.96666666666667
47.8
48.86666666666667
45.36666666666667
8.833333333333334
9.233333333333333
29.933333333333334
9.066666666666666
9.3
9.1
9.0
9.5
101.96666666666667
107.93333333333334
9.0
8.9
9.266666666666667
9.366666666666667
30.9
26.533333333333335
38.266666666666666
38.06666666666667
21.533333333333335
37.4
22.2
34.96666666666667
20.366666666666667
8.833333333333334
36.43333333333333
36.0
9.1
9.066666666666666
114.66666666666667
9.433333333333334
9.366666666666667
46.56666666666667
84.73333333333333
130.96666666666667
8.966666666666667
20.533333333333335
9.4
9.3
9.466666666666667
69.56666666666666
9.066666666666666
9.266666666666667
15.733333333333333
41.96666666666667
9.066666666666666
9.1
15.466666666666667
8.966666666666667
9.233333333333333
9.366666666666667
9.333333333333334
9.2
13.033333333333333
9.233333333333333
9.133333333333333
9.0
9.266666666666667
10.066666666666666
9.2
9.2
93.66666666666667
81.0
9.066666666666666
9.266666666666667
9.033333333333333
8.866666666666667
9.466666666666667
9.233333333333333
9.666666666666666
9.3
9.433333333333334
9.033333333333333
24.133333333333333
36.7
42.86666666666667
30.766666666666666
76.7
66.43333333333334
37.63333333333333
9.233333333333333
9.366666666666667
9.3
9.5
9.033333333333333
9.266666666666667
55.5
27.866666666666667
37.266666666666666
33.2
9.233333333333333
9.166666666666666
15.866666666666667
10.433333333333334
9.033333333333333
10.9
29.1
12.066666666666666
9.433333333333334
9.466666666666667
9.166666666666666
9.333333333333334
9.433333333333334
9.066666666666666
13.2
9.2
25.466666666666665
23.533333333333335
9.2
9.4
9.433333333333334
9.733333333333333
9.366666666666667
9.533333333333333
9.233333333333333
9.6
9.266666666666667
9.133333333333333
9.2
8.833333333333334
9.333333333333334
9.133333333333333
9.833333333333334
19.433333333333334
9.2
9.466666666666667
27.1
8.933333333333334
9.033333333333333
9.133333333333333
9.5
9.0
9.5
37.166666666666664
63.6
37.86666666666667
9.4
8.9
8.933333333333334
9.133333333333333
9.466666666666667
9.366666666666667
9.366666666666667
9.333333333333334
9.1
9.733333333333333
9.466666666666667
9.433333333333334
9.133333333333333
9.266666666666667
9.033333333333333
8.933333333333334
9.033333333333333
9.2
9.066666666666666
9.1
29.3
9.133333333333333
9.133333333333333
8.866666666666667
9.033333333333333
9.4
9.2
9.233333333333333
9.533333333333333
9.266666666666667
31.766666666666666
9.4
9.133333333333333
9.066666666666666
8.8
20.6
53.46666666666667
21.866666666666667
9.4
9.466666666666667
9.233333333333333
34.233333333333334
33.8
22.6
26.6
9.166666666666666
40.4
9.333333333333334
10.133333333333333
12.033333333333333
9.433333333333334
41.86666666666667
10.9
19.966666666666665
9.566666666666666
9.733333333333333
9.4
9.366666666666667
9.3
9.233333333333333
9.333333333333334
9.333333333333334
9.166666666666666
11.2
51.03333333333333
9.6
9.433333333333334
9.366666666666667
18.866666666666667
43.333333333333336
49.333333333333336
9.0
10.166666666666666
9.366666666666667
9.833333333333334
9.066666666666666
18.166666666666668
37.733333333333334
38.36666666666667
9.3
9.3
9.433333333333334
9.4
9.466666666666667
9.333333333333334
95.06666666666666
97.9
28.133333333333333
9.6
9.7
9.2
17.9
26.133333333333333
9.433333333333334
37.9
9.466666666666667
9.866666666666667
35.46666666666667
9.466666666666667
9.333333333333334
36.03333333333333
24.366666666666667
9.533333333333333
39.266666666666666
17.833333333333332
9.433333333333334
9.166666666666666
9.3
21.133333333333333
9.3
9.233333333333333
9.966666666666667
13.033333333333333
18.466666666666665
9.233333333333333
9.433333333333334
9.333333333333334
9.366666666666667
9.466666666666667
9.033333333333333
9.233333333333333
9.4
14.866666666666667
9.4
22.866666666666667
14.2
9.4
11.366666666666667
9.633333333333333
9.633333333333333
9.933333333333334
9.166666666666666
9.566666666666666
9.6
31.666666666666668
9.4
27.366666666666667
9.3
8.866666666666667
21.433333333333334
9.433333333333334
42.1
9.166666666666666
9.866666666666667
9.566666666666666
9.366666666666667
14.2
9.366666666666667
12.033333333333333
9.3
9.4
9.366666666666667
9.7
57.6
53.43333333333333
45.06666666666667
9.566666666666666
9.5
9.266666666666667
9.1
9.5
52.666666666666664
38.733333333333334
58.63333333333333
9.433333333333334
65.7
73.26666666666667
9.433333333333334
9.4
9.466666666666667
9.4
9.466666666666667
41.8
9.3
47.733333333333334
18.266666666666666
9.733333333333333
8.966666666666667
43.96666666666667
9.5
9.433333333333334
9.466666666666667
9.1
16.166666666666668
9.633333333333333
51.56666666666667
12.233333333333333
24.1
9.2
9.433333333333334
9.466666666666667
9.366666666666667
76.83333333333333
20.366666666666667
9.5
9.566666666666666
41.766666666666666
9.333333333333334
13.866666666666667
9.333333333333334
9.233333333333333
24.766666666666666
13.066666666666666
9.633333333333333
9.333333333333334
51.13333333333333
9.2
11.533333333333333
9.4
9.2
9.766666666666667
52.96666666666667
9.466666666666667
9.433333333333334
9.433333333333334
19.733333333333334
13.833333333333334
9.766666666666667
9.333333333333334
9.766666666666667
9.2
9.6
9.833333333333334
9.533333333333333
9.366666666666667
23.3
9.333333333333334
18.466666666666665
16.2
9.466666666666667
9.833333333333334
9.3
9.2
10.4
9.5
9.333333333333334
9.466666666666667
9.1
19.3
9.466666666666667
9.5
9.066666666666666
9.533333333333333
9.233333333333333
9.3
33.13333333333333
9.433333333333334
9.9
9.7
9.3
9.533333333333333
9.133333333333333
12.366666666666667
12.833333333333334
9.766666666666667
9.8
9.733333333333333
9.3
9.6
9.866666666666667
9.366666666666667
55.06666666666667
14.9
9.4
9.333333333333334
9.5
11.5
9.433333333333334
9.233333333333333
11.966666666666667
12.533333333333333
9.766666666666667
22.1
9.1
9.433333333333334
9.366666666666667
8.933333333333334
11.533333333333333
44.266666666666666
9.466666666666667
9.133333333333333
9.3
11.3
9.866666666666667
9.366666666666667
9.4
9.666666666666666
10.366666666666667
9.4
17.733333333333334
9.466666666666667
12.333333333333334
10.0
9.633333333333333
9.433333333333334
9.733333333333333
9.533333333333333
9.2
9.4
9.533333333333333
9.133333333333333
11.033333333333333
9.733333333333333
9.6
9.866666666666667
9.766666666666667
12.5
11.7
9.433333333333334
9.366666666666667
10.466666666666667
9.833333333333334
9.433333333333334
9.633333333333333
9.733333333333333
13.533333333333333
9.566666666666666
9.4
19.3
9.333333333333334
9.366666666666667
9.633333333333333
9.333333333333334
9.433333333333334
9.433333333333334
9.566666666666666
9.4
9.566666666666666
9.466666666666667
9.533333333333333
9.5
9.866666666666667
9.433333333333334
9.433333333333334
9.4
11.366666666666667
9.766666666666667
9.5
9.733333333333333
9.333333333333334
9.333333333333334
9.666666666666666
23.133333333333333
9.433333333333334
9.333333333333334
9.533333333333333
9.8
39.9
9.466666666666667
9.4
41.7
9.233333333333333
33.666666666666664
9.766666666666667
49.86666666666667
36.233333333333334
11.766666666666667
9.4
200.0
141.66666666666666
48.46666666666667
9.4
9.5
9.366666666666667
9.433333333333334
108.96666666666667
9.233333333333333
9.3
9.4
54.7
9.266666666666667
9.2
22.666666666666668
51.53333333333333
9.3
52.7
9.266666666666667
9.3
9.5
9.366666666666667
60.93333333333333
11.0
9.7
37.8
9.433333333333334
25.066666666666666
9.233333333333333
9.633333333333333
64.93333333333334
15.066666666666666
15.6
41.43333333333333
9.033333333333333
9.633333333333333
16.1
9.533333333333333
9.3
82.63333333333334
9.233333333333333
37.766666666666666
9.2
9.466666666666667
20.733333333333334
19.933333333333334
9.6
9.366666666666667
35.233333333333334
14.366666666666667
9.666666666666666
17.333333333333332
21.666666666666668
9.566666666666666
9.366666666666667
9.166666666666666
12.833333333333334
10.733333333333333
11.9
9.766666666666667
9.133333333333333
9.0
9.3
10.133333333333333
9.366666666666667
9.2
9.466666666666667
9.3
13.333333333333334
13.0
9.4
9.366666666666667
9.6
9.233333333333333
9.9
35.266666666666666
33.266666666666666
9.5
9.366666666666667
9.4
21.433333333333334
9.033333333333333
16.066666666666666
9.5
9.766666666666667
28.033333333333335
13.4
9.333333333333334
9.766666666666667
12.366666666666667
9.233333333333333
9.233333333333333
9.3
9.033333333333333
9.4
9.4
9.366666666666667
9.733333333333333
10.133333333333333
9.833333333333334
9.233333333333333
9.333333333333334
9.2
9.333333333333334
9.533333333333333
9.133333333333333
22.333333333333332
9.366666666666667
9.5
9.4
12.733333333333333
9.2
9.166666666666666
9.233333333333333
9.333333333333334
9.233333333333333
9.6
9.5
10.066666666666666
9.433333333333334
10.233333333333333
9.633333333333333
9.2
9.2
9.3
9.366666666666667
9.766666666666667
9.333333333333334
9.566666666666666
9.3
14.666666666666666
9.633333333333333
9.333333333333334
9.366666666666667
9.7
9.633333333333333
9.133333333333333
9.366666666666667
9.833333333333334
9.8
9.166666666666666
9.833333333333334
9.533333333333333
11.9
9.4
9.8
9.466666666666667
9.533333333333333
10.766666666666667
9.766666666666667
9.233333333333333
9.666666666666666
9.4
9.5
9.433333333333334
10.433333333333334
9.6
9.3
9.4
9.233333333333333
9.766666666666667
9.033333333333333
10.4
12.033333333333333
9.366666666666667
66.06666666666666
9.2
9.5
9.8
9.466666666666667
9.966666666666667
9.433333333333334
9.466666666666667
9.433333333333334
9.333333333333334
9.333333333333334
8.966666666666667
9.3
23.933333333333334
9.166666666666666
16.533333333333335
9.466666666666667
12.166666666666666
9.133333333333333
9.266666666666667
9.566666666666666
11.266666666666667
9.366666666666667
9.466666666666667
9.0
9.366666666666667
9.333333333333334
9.1
9.333333333333334
9.866666666666667
9.5
10.833333333333334
9.2
9.333333333333334
9.5
19.266666666666666
9.5
9.433333333333334
70.76666666666667
106.46666666666667
51.166666666666664
27.966666666666665
88.3
9.466666666666667
9.533333333333333
24.0
9.2
9.433333333333334
46.93333333333333
9.533333333333333
9.166666666666666
9.4
32.9
22.333333333333332
9.233333333333333
25.5
9.333333333333334
30.366666666666667
42.43333333333333
9.333333333333334
9.333333333333334
9.3
9.366666666666667
9.366666666666667
9.7
9.366666666666667
10.766666666666667
97.3
81.16666666666667
89.43333333333334
37.5
9.466666666666667
9.3
22.3
25.933333333333334
9.166666666666666
12.366666666666667
10.666666666666666
9.4
9.933333333333334
9.333333333333334
9.233333333333333
34.56666666666667
9.3
28.333333333333332
9.233333333333333
9.466666666666667
9.633333333333333
9.3
9.266666666666667
9.3
9.2
9.466666666666667
9.233333333333333
9.733333333333333
9.4
9.5
17.933333333333334
40.5
18.233333333333334
24.966666666666665
9.233333333333333
9.433333333333334
9.033333333333333
26.733333333333334
51.46666666666667
9.9
9.6
22.133333333333333
9.2
28.3
36.56666666666667
11.233333333333333
15.9
23.133333333333333
15.266666666666667
9.6
9.4
19.266666666666666
9.233333333333333
9.266666666666667
9.366666666666667
20.333333333333332
9.4
18.066666666666666
11.733333333333333
9.333333333333334
11.6
10.933333333333334
10.633333333333333
9.433333333333334
13.033333333333333
9.366666666666667
16.733333333333334
9.5
9.566666666666666
9.533333333333333
9.566666666666666
9.5
9.433333333333334
12.466666666666667
25.933333333333334
9.533333333333333
9.366666666666667
9.266666666666667
10.033333333333333
9.466666666666667
9.4
9.466666666666667
28.533333333333335
9.466666666666667
9.433333333333334
9.533333333333333
9.4
9.466666666666667
9.133333333333333
24.833333333333332
49.9
9.433333333333334
9.633333333333333
16.966666666666665
9.433333333333334
9.233333333333333
9.466666666666667
9.4
47.6
9.2
16.933333333333334
18.466666666666665
9.3
15.6
20.166666666666668
9.4
18.066666666666666
9.3
9.4
11.6
25.166666666666668
38.7
9.5
9.3
9.733333333333333
9.333333333333334
9.133333333333333
43.2
17.8
9.566666666666666
9.333333333333334
9.366666666666667
9.366666666666667
9.5
9.333333333333334
9.2
15.766666666666667
15.666666666666666
9.333333333333334
15.266666666666667
9.333333333333334
13.0
22.0
19.7
9.3
9.3
9.766666666666667
9.166666666666666
9.533333333333333
9.266666666666667
18.7
151.46666666666667
17.066666666666666
9.266666666666667
16.5
17.966666666666665
17.766666666666666
18.866666666666667
16.666666666666668
11.7
11.666666666666666
15.766666666666667
11.533333333333333
13.233333333333333
10.8
12.2
9.433333333333334
9.233333333333333
14.766666666666667
18.4
9.566666666666666
9.233333333333333
9.0
9.266666666666667
24.633333333333333
25.266666666666666
31.266666666666666
15.233333333333333
20.633333333333333
9.566666666666666
9.566666666666666
105.86666666666666
142.03333333333333
183.3
199.1
200.0
200.0
200.0
123.3
173.76666666666668
134.63333333333333
172.9
200.0
198.5
188.5
66.5
199.3
118.03333333333333
171.53333333333333
192.2
196.8
199.76666666666668
112.5
128.8
176.5
200.0
66.06666666666666
20.6
163.3
9.233333333333333
9.566666666666666
9.433333333333334
9.266666666666667
8.933333333333334
9.433333333333334
9.133333333333333
9.466666666666667
9.133333333333333
9.7
9.2
9.4
9.466666666666667
9.233333333333333
9.2
9.333333333333334
9.433333333333334
9.4
31.766666666666666
22.366666666666667
12.0
25.666666666666668
9.5
20.6
28.866666666666667
18.066666666666666
34.8
26.3
9.133333333333333
40.233333333333334
9.366666666666667
47.8
90.0
12.266666666666667
14.566666666666666
9.333333333333334
29.833333333333332
110.3
27.233333333333334
31.833333333333332
12.2
9.5
30.8
9.333333333333334
32.86666666666667
30.5
12.833333333333334
36.5
14.133333333333333
9.366666666666667
9.233333333333333
18.666666666666668
9.433333333333334
9.533333333333333
32.766666666666666
27.066666666666666
22.6
9.433333333333334
50.7
22.966666666666665
9.466666666666667
16.4
11.066666666666666
12.466666666666667
40.4
9.5
18.866666666666667
11.466666666666667
9.466666666666667
9.3
21.8
19.933333333333334
13.633333333333333
27.566666666666666
13.3
24.5
9.4
15.4
9.466666666666667
9.933333333333334
18.566666666666666
27.233333333333334
21.833333333333332
9.2
46.36666666666667
35.833333333333336
10.833333333333334
13.9
52.4
9.333333333333334
19.066666666666666
13.2
14.9
9.266666666666667
33.56666666666667
9.266666666666667
26.0
9.333333333333334
24.966666666666665
9.2
9.3
9.433333333333334
9.333333333333334
9.3
45.3
18.666666666666668
19.833333333333332
31.533333333333335
18.333333333333332
33.733333333333334
20.4
43.1
29.1
10.533333333333333
9.466666666666667
9.266666666666667
20.566666666666666
17.0
9.133333333333333
9.066666666666666
45.93333333333333
14.233333333333333
9.233333333333333
20.133333333333333
9.366666666666667
9.366666666666667
25.8
9.866666666666667
25.966666666666665
10.966666666666667
9.533333333333333
9.4
24.9
19.133333333333333
9.6
25.933333333333334
9.366666666666667
9.5
20.0
9.2
32.9
20.533333333333335
9.433333333333334
9.3
9.333333333333334
20.4
41.86666666666667
23.1
52.13333333333333
9.2
9.566666666666666
9.366666666666667
9.6
9.633333333333333
37.9
10.366666666666667
9.266666666666667
10.0
9.566666666666666
11.466666666666667
9.3
26.933333333333334
9.666666666666666
9.2
12.533333333333333
24.4
9.4
9.333333333333334
26.8
45.46666666666667
27.366666666666667
9.266666666666667
9.433333333333334
9.4
9.233333333333333
11.266666666666667
9.133333333333333
9.266666666666667
9.566666666666666
9.533333333333333
9.9
23.233333333333334
19.7
27.933333333333334
9.533333333333333
9.433333333333334
9.266666666666667
9.5
9.333333333333334
10.866666666666667
37.13333333333333
21.233333333333334
9.466666666666667
9.466666666666667
9.4
9.3
9.166666666666666
9.233333333333333
9.266666666666667
9.5
9.366666666666667
9.466666666666667
9.3
9.333333333333334
9.4
19.566666666666666
9.3
9.266666666666667
9.433333333333334
9.366666666666667
9.333333333333334
9.366666666666667
9.433333333333334
9.666666666666666
9.233333333333333
9.466666666666667
9.366666666666667
9.466666666666667
9.466666666666667
8.966666666666667
9.4
9.433333333333334
9.066666666666666
8.933333333333334
20.333333333333332
10.566666666666666
9.1
9.3
9.466666666666667
9.2
9.133333333333333
9.333333333333334
9.533333333333333
9.366666666666667
19.166666666666668
9.333333333333334
9.433333333333334
9.466666666666667
9.433333333333334
9.266666666666667
9.066666666666666
9.366666666666667
9.366666666666667
18.9
9.566666666666666
9.4
9.433333333333334
9.266666666666667
9.433333333333334
9.3
9.4
16.166666666666668
24.6
28.533333333333335
19.066666666666666
9.133333333333333
9.3
9.4
9.433333333333334
9.333333333333334
9.366666666666667
9.666666666666666
9.2
9.366666666666667
9.433333333333334
9.366666666666667
9.566666666666666
9.4
9.4
9.5
9.166666666666666
9.666666666666666
10.1
18.9
9.233333333333333
10.933333333333334
22.3
26.8
26.1
16.866666666666667
14.966666666666667
9.6
9.2
9.366666666666667
9.233333333333333
9.4
9.333333333333334
9.366666666666667
10.666666666666666
10.033333333333333
9.266666666666667
9.4
9.4
10.833333333333334
9.333333333333334
9.4
9.266666666666667
17.1
21.233333333333334
14.366666666666667
11.633333333333333
13.433333333333334
9.633333333333333
9.433333333333334
9.533333333333333
9.5
9.3
9.266666666666667
9.333333333333334
9.466666666666667
9.266666666666667
9.466666666666667
9.466666666666667
9.5
9.3
9.3
9.3
9.2
9.5
19.9
52.5
27.566666666666666
22.933333333333334
20.6
19.866666666666667
9.333333333333334
9.266666666666667
9.333333333333334
9.433333333333334
9.3
9.5
24.433333333333334
22.7
9.366666666666667
9.533333333333333
9.266666666666667
9.066666666666666
9.1
12.0
9.3
9.266666666666667
9.266666666666667
15.2
10.7
9.466666666666667
27.733333333333334
14.066666666666666
9.266666666666667
9.3
9.366666666666667
9.366666666666667
9.3
9.333333333333334
9.266666666666667
9.466666666666667
9.266666666666667
9.233333333333333
130.6
151.3
82.23333333333333
9.5
9.233333333333333
19.133333333333333
9.566666666666666
9.533333333333333
9.433333333333334
9.366666666666667
39.6
23.566666666666666
24.2
14.833333333333334
9.366666666666667
